4096 1024 1024
1 257 513 769
1 258 514 770
1 259 515 771
1 260 516 772
1 261 517 773
1 262 518 774
1 263 519 775
1 264 520 776
1 265 521 777
1 266 522 778
1 267 523 779
1 268 524 780
1 269 525 781
1 270 526 782
1 271 527 783
1 272 528 784
2 257 529 769
2 258 530 770
2 259 531 771
2 260 532 772
2 261 533 773
2 262 534 774
2 263 535 775
2 264 536 776
2 265 537 777
2 266 538 778
2 267 539 779
2 268 540 780
2 269 541 781
2 270 542 782
2 271 543 783
2 272 544 784
3 257 545 769
3 258 546 770
3 259 547 771
3 260 548 772
3 261 549 773
3 262 550 774
3 263 551 775
3 264 552 776
3 265 553 777
3 266 554 778
3 267 555 779
3 268 556 780
3 269 557 781
3 270 558 782
3 271 559 783
3 272 560 784
4 257 561 769
4 258 562 770
4 259 563 771
4 260 564 772
4 261 565 773
4 262 566 774
4 263 567 775
4 264 568 776
4 265 569 777
4 266 570 778
4 267 571 779
4 268 572 780
4 269 573 781
4 270 574 782
4 271 575 783
4 272 576 784
5 257 577 785
5 258 578 786
5 259 579 787
5 260 580 788
5 261 581 789
5 262 582 790
5 263 583 791
5 264 584 792
5 265 585 793
5 266 586 794
5 267 587 795
5 268 588 796
5 269 589 797
5 270 590 798
5 271 591 799
5 272 592 800
6 257 593 785
6 258 594 786
6 259 595 787
6 260 596 788
6 261 597 789
6 262 598 790
6 263 599 791
6 264 600 792
6 265 601 793
6 266 602 794
6 267 603 795
6 268 604 796
6 269 605 797
6 270 606 798
6 271 607 799
6 272 608 800
7 257 609 785
7 258 610 786
7 259 611 787
7 260 612 788
7 261 613 789
7 262 614 790
7 263 615 791
7 264 616 792
7 265 617 793
7 266 618 794
7 267 619 795
7 268 620 796
7 269 621 797
7 270 622 798
7 271 623 799
7 272 624 800
8 257 625 785
8 258 626 786
8 259 627 787
8 260 628 788
8 261 629 789
8 262 630 790
8 263 631 791
8 264 632 792
8 265 633 793
8 266 634 794
8 267 635 795
8 268 636 796
8 269 637 797
8 270 638 798
8 271 639 799
8 272 640 800
9 257 641 801
9 258 642 802
9 259 643 803
9 260 644 804
9 261 645 805
9 262 646 806
9 263 647 807
9 264 648 808
9 265 649 809
9 266 650 810
9 267 651 811
9 268 652 812
9 269 653 813
9 270 654 814
9 271 655 815
9 272 656 816
10 257 657 801
10 258 658 802
10 259 659 803
10 260 660 804
10 261 661 805
10 262 662 806
10 263 663 807
10 264 664 808
10 265 665 809
10 266 666 810
10 267 667 811
10 268 668 812
10 269 669 813
10 270 670 814
10 271 671 815
10 272 672 816
11 257 673 801
11 258 674 802
11 259 675 803
11 260 676 804
11 261 677 805
11 262 678 806
11 263 679 807
11 264 680 808
11 265 681 809
11 266 682 810
11 267 683 811
11 268 684 812
11 269 685 813
11 270 686 814
11 271 687 815
11 272 688 816
12 257 689 801
12 258 690 802
12 259 691 803
12 260 692 804
12 261 693 805
12 262 694 806
12 263 695 807
12 264 696 808
12 265 697 809
12 266 698 810
12 267 699 811
12 268 700 812
12 269 701 813
12 270 702 814
12 271 703 815
12 272 704 816
13 257 705 817
13 258 706 818
13 259 707 819
13 260 708 820
13 261 709 821
13 262 710 822
13 263 711 823
13 264 712 824
13 265 713 825
13 266 714 826
13 267 715 827
13 268 716 828
13 269 717 829
13 270 718 830
13 271 719 831
13 272 720 832
14 257 721 817
14 258 722 818
14 259 723 819
14 260 724 820
14 261 725 821
14 262 726 822
14 263 727 823
14 264 728 824
14 265 729 825
14 266 730 826
14 267 731 827
14 268 732 828
14 269 733 829
14 270 734 830
14 271 735 831
14 272 736 832
15 257 737 817
15 258 738 818
15 259 739 819
15 260 740 820
15 261 741 821
15 262 742 822
15 263 743 823
15 264 744 824
15 265 745 825
15 266 746 826
15 267 747 827
15 268 748 828
15 269 749 829
15 270 750 830
15 271 751 831
15 272 752 832
16 257 753 817
16 258 754 818
16 259 755 819
16 260 756 820
16 261 757 821
16 262 758 822
16 263 759 823
16 264 760 824
16 265 761 825
16 266 762 826
16 267 763 827
16 268 764 828
16 269 765 829
16 270 766 830
16 271 767 831
16 272 768 832
17 273 513 769
17 274 514 770
17 275 515 771
17 276 516 772
17 277 517 773
17 278 518 774
17 279 519 775
17 280 520 776
17 281 521 777
17 282 522 778
17 283 523 779
17 284 524 780
17 285 525 781
17 286 526 782
17 287 527 783
17 288 528 784
18 273 529 769
18 274 530 770
18 275 531 771
18 276 532 772
18 277 533 773
18 278 534 774
18 279 535 775
18 280 536 776
18 281 537 777
18 282 538 778
18 283 539 779
18 284 540 780
18 285 541 781
18 286 542 782
18 287 543 783
18 288 544 784
19 273 545 769
19 274 546 770
19 275 547 771
19 276 548 772
19 277 549 773
19 278 550 774
19 279 551 775
19 280 552 776
19 281 553 777
19 282 554 778
19 283 555 779
19 284 556 780
19 285 557 781
19 286 558 782
19 287 559 783
19 288 560 784
20 273 561 769
20 274 562 770
20 275 563 771
20 276 564 772
20 277 565 773
20 278 566 774
20 279 567 775
20 280 568 776
20 281 569 777
20 282 570 778
20 283 571 779
20 284 572 780
20 285 573 781
20 286 574 782
20 287 575 783
20 288 576 784
21 273 577 785
21 274 578 786
21 275 579 787
21 276 580 788
21 277 581 789
21 278 582 790
21 279 583 791
21 280 584 792
21 281 585 793
21 282 586 794
21 283 587 795
21 284 588 796
21 285 589 797
21 286 590 798
21 287 591 799
21 288 592 800
22 273 593 785
22 274 594 786
22 275 595 787
22 276 596 788
22 277 597 789
22 278 598 790
22 279 599 791
22 280 600 792
22 281 601 793
22 282 602 794
22 283 603 795
22 284 604 796
22 285 605 797
22 286 606 798
22 287 607 799
22 288 608 800
23 273 609 785
23 274 610 786
23 275 611 787
23 276 612 788
23 277 613 789
23 278 614 790
23 279 615 791
23 280 616 792
23 281 617 793
23 282 618 794
23 283 619 795
23 284 620 796
23 285 621 797
23 286 622 798
23 287 623 799
23 288 624 800
24 273 625 785
24 274 626 786
24 275 627 787
24 276 628 788
24 277 629 789
24 278 630 790
24 279 631 791
24 280 632 792
24 281 633 793
24 282 634 794
24 283 635 795
24 284 636 796
24 285 637 797
24 286 638 798
24 287 639 799
24 288 640 800
25 273 641 801
25 274 642 802
25 275 643 803
25 276 644 804
25 277 645 805
25 278 646 806
25 279 647 807
25 280 648 808
25 281 649 809
25 282 650 810
25 283 651 811
25 284 652 812
25 285 653 813
25 286 654 814
25 287 655 815
25 288 656 816
26 273 657 801
26 274 658 802
26 275 659 803
26 276 660 804
26 277 661 805
26 278 662 806
26 279 663 807
26 280 664 808
26 281 665 809
26 282 666 810
26 283 667 811
26 284 668 812
26 285 669 813
26 286 670 814
26 287 671 815
26 288 672 816
27 273 673 801
27 274 674 802
27 275 675 803
27 276 676 804
27 277 677 805
27 278 678 806
27 279 679 807
27 280 680 808
27 281 681 809
27 282 682 810
27 283 683 811
27 284 684 812
27 285 685 813
27 286 686 814
27 287 687 815
27 288 688 816
28 273 689 801
28 274 690 802
28 275 691 803
28 276 692 804
28 277 693 805
28 278 694 806
28 279 695 807
28 280 696 808
28 281 697 809
28 282 698 810
28 283 699 811
28 284 700 812
28 285 701 813
28 286 702 814
28 287 703 815
28 288 704 816
29 273 705 817
29 274 706 818
29 275 707 819
29 276 708 820
29 277 709 821
29 278 710 822
29 279 711 823
29 280 712 824
29 281 713 825
29 282 714 826
29 283 715 827
29 284 716 828
29 285 717 829
29 286 718 830
29 287 719 831
29 288 720 832
30 273 721 817
30 274 722 818
30 275 723 819
30 276 724 820
30 277 725 821
30 278 726 822
30 279 727 823
30 280 728 824
30 281 729 825
30 282 730 826
30 283 731 827
30 284 732 828
30 285 733 829
30 286 734 830
30 287 735 831
30 288 736 832
31 273 737 817
31 274 738 818
31 275 739 819
31 276 740 820
31 277 741 821
31 278 742 822
31 279 743 823
31 280 744 824
31 281 745 825
31 282 746 826
31 283 747 827
31 284 748 828
31 285 749 829
31 286 750 830
31 287 751 831
31 288 752 832
32 273 753 817
32 274 754 818
32 275 755 819
32 276 756 820
32 277 757 821
32 278 758 822
32 279 759 823
32 280 760 824
32 281 761 825
32 282 762 826
32 283 763 827
32 284 764 828
32 285 765 829
32 286 766 830
32 287 767 831
32 288 768 832
33 289 513 769
33 290 514 770
33 291 515 771
33 292 516 772
33 293 517 773
33 294 518 774
33 295 519 775
33 296 520 776
33 297 521 777
33 298 522 778
33 299 523 779
33 300 524 780
33 301 525 781
33 302 526 782
33 303 527 783
33 304 528 784
34 289 529 769
34 290 530 770
34 291 531 771
34 292 532 772
34 293 533 773
34 294 534 774
34 295 535 775
34 296 536 776
34 297 537 777
34 298 538 778
34 299 539 779
34 300 540 780
34 301 541 781
34 302 542 782
34 303 543 783
34 304 544 784
35 289 545 769
35 290 546 770
35 291 547 771
35 292 548 772
35 293 549 773
35 294 550 774
35 295 551 775
35 296 552 776
35 297 553 777
35 298 554 778
35 299 555 779
35 300 556 780
35 301 557 781
35 302 558 782
35 303 559 783
35 304 560 784
36 289 561 769
36 290 562 770
36 291 563 771
36 292 564 772
36 293 565 773
36 294 566 774
36 295 567 775
36 296 568 776
36 297 569 777
36 298 570 778
36 299 571 779
36 300 572 780
36 301 573 781
36 302 574 782
36 303 575 783
36 304 576 784
37 289 577 785
37 290 578 786
37 291 579 787
37 292 580 788
37 293 581 789
37 294 582 790
37 295 583 791
37 296 584 792
37 297 585 793
37 298 586 794
37 299 587 795
37 300 588 796
37 301 589 797
37 302 590 798
37 303 591 799
37 304 592 800
38 289 593 785
38 290 594 786
38 291 595 787
38 292 596 788
38 293 597 789
38 294 598 790
38 295 599 791
38 296 600 792
38 297 601 793
38 298 602 794
38 299 603 795
38 300 604 796
38 301 605 797
38 302 606 798
38 303 607 799
38 304 608 800
39 289 609 785
39 290 610 786
39 291 611 787
39 292 612 788
39 293 613 789
39 294 614 790
39 295 615 791
39 296 616 792
39 297 617 793
39 298 618 794
39 299 619 795
39 300 620 796
39 301 621 797
39 302 622 798
39 303 623 799
39 304 624 800
40 289 625 785
40 290 626 786
40 291 627 787
40 292 628 788
40 293 629 789
40 294 630 790
40 295 631 791
40 296 632 792
40 297 633 793
40 298 634 794
40 299 635 795
40 300 636 796
40 301 637 797
40 302 638 798
40 303 639 799
40 304 640 800
41 289 641 801
41 290 642 802
41 291 643 803
41 292 644 804
41 293 645 805
41 294 646 806
41 295 647 807
41 296 648 808
41 297 649 809
41 298 650 810
41 299 651 811
41 300 652 812
41 301 653 813
41 302 654 814
41 303 655 815
41 304 656 816
42 289 657 801
42 290 658 802
42 291 659 803
42 292 660 804
42 293 661 805
42 294 662 806
42 295 663 807
42 296 664 808
42 297 665 809
42 298 666 810
42 299 667 811
42 300 668 812
42 301 669 813
42 302 670 814
42 303 671 815
42 304 672 816
43 289 673 801
43 290 674 802
43 291 675 803
43 292 676 804
43 293 677 805
43 294 678 806
43 295 679 807
43 296 680 808
43 297 681 809
43 298 682 810
43 299 683 811
43 300 684 812
43 301 685 813
43 302 686 814
43 303 687 815
43 304 688 816
44 289 689 801
44 290 690 802
44 291 691 803
44 292 692 804
44 293 693 805
44 294 694 806
44 295 695 807
44 296 696 808
44 297 697 809
44 298 698 810
44 299 699 811
44 300 700 812
44 301 701 813
44 302 702 814
44 303 703 815
44 304 704 816
45 289 705 817
45 290 706 818
45 291 707 819
45 292 708 820
45 293 709 821
45 294 710 822
45 295 711 823
45 296 712 824
45 297 713 825
45 298 714 826
45 299 715 827
45 300 716 828
45 301 717 829
45 302 718 830
45 303 719 831
45 304 720 832
46 289 721 817
46 290 722 818
46 291 723 819
46 292 724 820
46 293 725 821
46 294 726 822
46 295 727 823
46 296 728 824
46 297 729 825
46 298 730 826
46 299 731 827
46 300 732 828
46 301 733 829
46 302 734 830
46 303 735 831
46 304 736 832
47 289 737 817
47 290 738 818
47 291 739 819
47 292 740 820
47 293 741 821
47 294 742 822
47 295 743 823
47 296 744 824
47 297 745 825
47 298 746 826
47 299 747 827
47 300 748 828
47 301 749 829
47 302 750 830
47 303 751 831
47 304 752 832
48 289 753 817
48 290 754 818
48 291 755 819
48 292 756 820
48 293 757 821
48 294 758 822
48 295 759 823
48 296 760 824
48 297 761 825
48 298 762 826
48 299 763 827
48 300 764 828
48 301 765 829
48 302 766 830
48 303 767 831
48 304 768 832
49 305 513 769
49 306 514 770
49 307 515 771
49 308 516 772
49 309 517 773
49 310 518 774
49 311 519 775
49 312 520 776
49 313 521 777
49 314 522 778
49 315 523 779
49 316 524 780
49 317 525 781
49 318 526 782
49 319 527 783
49 320 528 784
50 305 529 769
50 306 530 770
50 307 531 771
50 308 532 772
50 309 533 773
50 310 534 774
50 311 535 775
50 312 536 776
50 313 537 777
50 314 538 778
50 315 539 779
50 316 540 780
50 317 541 781
50 318 542 782
50 319 543 783
50 320 544 784
51 305 545 769
51 306 546 770
51 307 547 771
51 308 548 772
51 309 549 773
51 310 550 774
51 311 551 775
51 312 552 776
51 313 553 777
51 314 554 778
51 315 555 779
51 316 556 780
51 317 557 781
51 318 558 782
51 319 559 783
51 320 560 784
52 305 561 769
52 306 562 770
52 307 563 771
52 308 564 772
52 309 565 773
52 310 566 774
52 311 567 775
52 312 568 776
52 313 569 777
52 314 570 778
52 315 571 779
52 316 572 780
52 317 573 781
52 318 574 782
52 319 575 783
52 320 576 784
53 305 577 785
53 306 578 786
53 307 579 787
53 308 580 788
53 309 581 789
53 310 582 790
53 311 583 791
53 312 584 792
53 313 585 793
53 314 586 794
53 315 587 795
53 316 588 796
53 317 589 797
53 318 590 798
53 319 591 799
53 320 592 800
54 305 593 785
54 306 594 786
54 307 595 787
54 308 596 788
54 309 597 789
54 310 598 790
54 311 599 791
54 312 600 792
54 313 601 793
54 314 602 794
54 315 603 795
54 316 604 796
54 317 605 797
54 318 606 798
54 319 607 799
54 320 608 800
55 305 609 785
55 306 610 786
55 307 611 787
55 308 612 788
55 309 613 789
55 310 614 790
55 311 615 791
55 312 616 792
55 313 617 793
55 314 618 794
55 315 619 795
55 316 620 796
55 317 621 797
55 318 622 798
55 319 623 799
55 320 624 800
56 305 625 785
56 306 626 786
56 307 627 787
56 308 628 788
56 309 629 789
56 310 630 790
56 311 631 791
56 312 632 792
56 313 633 793
56 314 634 794
56 315 635 795
56 316 636 796
56 317 637 797
56 318 638 798
56 319 639 799
56 320 640 800
57 305 641 801
57 306 642 802
57 307 643 803
57 308 644 804
57 309 645 805
57 310 646 806
57 311 647 807
57 312 648 808
57 313 649 809
57 314 650 810
57 315 651 811
57 316 652 812
57 317 653 813
57 318 654 814
57 319 655 815
57 320 656 816
58 305 657 801
58 306 658 802
58 307 659 803
58 308 660 804
58 309 661 805
58 310 662 806
58 311 663 807
58 312 664 808
58 313 665 809
58 314 666 810
58 315 667 811
58 316 668 812
58 317 669 813
58 318 670 814
58 319 671 815
58 320 672 816
59 305 673 801
59 306 674 802
59 307 675 803
59 308 676 804
59 309 677 805
59 310 678 806
59 311 679 807
59 312 680 808
59 313 681 809
59 314 682 810
59 315 683 811
59 316 684 812
59 317 685 813
59 318 686 814
59 319 687 815
59 320 688 816
60 305 689 801
60 306 690 802
60 307 691 803
60 308 692 804
60 309 693 805
60 310 694 806
60 311 695 807
60 312 696 808
60 313 697 809
60 314 698 810
60 315 699 811
60 316 700 812
60 317 701 813
60 318 702 814
60 319 703 815
60 320 704 816
61 305 705 817
61 306 706 818
61 307 707 819
61 308 708 820
61 309 709 821
61 310 710 822
61 311 711 823
61 312 712 824
61 313 713 825
61 314 714 826
61 315 715 827
61 316 716 828
61 317 717 829
61 318 718 830
61 319 719 831
61 320 720 832
62 305 721 817
62 306 722 818
62 307 723 819
62 308 724 820
62 309 725 821
62 310 726 822
62 311 727 823
62 312 728 824
62 313 729 825
62 314 730 826
62 315 731 827
62 316 732 828
62 317 733 829
62 318 734 830
62 319 735 831
62 320 736 832
63 305 737 817
63 306 738 818
63 307 739 819
63 308 740 820
63 309 741 821
63 310 742 822
63 311 743 823
63 312 744 824
63 313 745 825
63 314 746 826
63 315 747 827
63 316 748 828
63 317 749 829
63 318 750 830
63 319 751 831
63 320 752 832
64 305 753 817
64 306 754 818
64 307 755 819
64 308 756 820
64 309 757 821
64 310 758 822
64 311 759 823
64 312 760 824
64 313 761 825
64 314 762 826
64 315 763 827
64 316 764 828
64 317 765 829
64 318 766 830
64 319 767 831
64 320 768 832
65 321 513 833
65 322 514 834
65 323 515 835
65 324 516 836
65 325 517 837
65 326 518 838
65 327 519 839
65 328 520 840
65 329 521 841
65 330 522 842
65 331 523 843
65 332 524 844
65 333 525 845
65 334 526 846
65 335 527 847
65 336 528 848
66 321 529 833
66 322 530 834
66 323 531 835
66 324 532 836
66 325 533 837
66 326 534 838
66 327 535 839
66 328 536 840
66 329 537 841
66 330 538 842
66 331 539 843
66 332 540 844
66 333 541 845
66 334 542 846
66 335 543 847
66 336 544 848
67 321 545 833
67 322 546 834
67 323 547 835
67 324 548 836
67 325 549 837
67 326 550 838
67 327 551 839
67 328 552 840
67 329 553 841
67 330 554 842
67 331 555 843
67 332 556 844
67 333 557 845
67 334 558 846
67 335 559 847
67 336 560 848
68 321 561 833
68 322 562 834
68 323 563 835
68 324 564 836
68 325 565 837
68 326 566 838
68 327 567 839
68 328 568 840
68 329 569 841
68 330 570 842
68 331 571 843
68 332 572 844
68 333 573 845
68 334 574 846
68 335 575 847
68 336 576 848
69 321 577 849
69 322 578 850
69 323 579 851
69 324 580 852
69 325 581 853
69 326 582 854
69 327 583 855
69 328 584 856
69 329 585 857
69 330 586 858
69 331 587 859
69 332 588 860
69 333 589 861
69 334 590 862
69 335 591 863
69 336 592 864
70 321 593 849
70 322 594 850
70 323 595 851
70 324 596 852
70 325 597 853
70 326 598 854
70 327 599 855
70 328 600 856
70 329 601 857
70 330 602 858
70 331 603 859
70 332 604 860
70 333 605 861
70 334 606 862
70 335 607 863
70 336 608 864
71 321 609 849
71 322 610 850
71 323 611 851
71 324 612 852
71 325 613 853
71 326 614 854
71 327 615 855
71 328 616 856
71 329 617 857
71 330 618 858
71 331 619 859
71 332 620 860
71 333 621 861
71 334 622 862
71 335 623 863
71 336 624 864
72 321 625 849
72 322 626 850
72 323 627 851
72 324 628 852
72 325 629 853
72 326 630 854
72 327 631 855
72 328 632 856
72 329 633 857
72 330 634 858
72 331 635 859
72 332 636 860
72 333 637 861
72 334 638 862
72 335 639 863
72 336 640 864
73 321 641 865
73 322 642 866
73 323 643 867
73 324 644 868
73 325 645 869
73 326 646 870
73 327 647 871
73 328 648 872
73 329 649 873
73 330 650 874
73 331 651 875
73 332 652 876
73 333 653 877
73 334 654 878
73 335 655 879
73 336 656 880
74 321 657 865
74 322 658 866
74 323 659 867
74 324 660 868
74 325 661 869
74 326 662 870
74 327 663 871
74 328 664 872
74 329 665 873
74 330 666 874
74 331 667 875
74 332 668 876
74 333 669 877
74 334 670 878
74 335 671 879
74 336 672 880
75 321 673 865
75 322 674 866
75 323 675 867
75 324 676 868
75 325 677 869
75 326 678 870
75 327 679 871
75 328 680 872
75 329 681 873
75 330 682 874
75 331 683 875
75 332 684 876
75 333 685 877
75 334 686 878
75 335 687 879
75 336 688 880
76 321 689 865
76 322 690 866
76 323 691 867
76 324 692 868
76 325 693 869
76 326 694 870
76 327 695 871
76 328 696 872
76 329 697 873
76 330 698 874
76 331 699 875
76 332 700 876
76 333 701 877
76 334 702 878
76 335 703 879
76 336 704 880
77 321 705 881
77 322 706 882
77 323 707 883
77 324 708 884
77 325 709 885
77 326 710 886
77 327 711 887
77 328 712 888
77 329 713 889
77 330 714 890
77 331 715 891
77 332 716 892
77 333 717 893
77 334 718 894
77 335 719 895
77 336 720 896
78 321 721 881
78 322 722 882
78 323 723 883
78 324 724 884
78 325 725 885
78 326 726 886
78 327 727 887
78 328 728 888
78 329 729 889
78 330 730 890
78 331 731 891
78 332 732 892
78 333 733 893
78 334 734 894
78 335 735 895
78 336 736 896
79 321 737 881
79 322 738 882
79 323 739 883
79 324 740 884
79 325 741 885
79 326 742 886
79 327 743 887
79 328 744 888
79 329 745 889
79 330 746 890
79 331 747 891
79 332 748 892
79 333 749 893
79 334 750 894
79 335 751 895
79 336 752 896
80 321 753 881
80 322 754 882
80 323 755 883
80 324 756 884
80 325 757 885
80 326 758 886
80 327 759 887
80 328 760 888
80 329 761 889
80 330 762 890
80 331 763 891
80 332 764 892
80 333 765 893
80 334 766 894
80 335 767 895
80 336 768 896
81 337 513 833
81 338 514 834
81 339 515 835
81 340 516 836
81 341 517 837
81 342 518 838
81 343 519 839
81 344 520 840
81 345 521 841
81 346 522 842
81 347 523 843
81 348 524 844
81 349 525 845
81 350 526 846
81 351 527 847
81 352 528 848
82 337 529 833
82 338 530 834
82 339 531 835
82 340 532 836
82 341 533 837
82 342 534 838
82 343 535 839
82 344 536 840
82 345 537 841
82 346 538 842
82 347 539 843
82 348 540 844
82 349 541 845
82 350 542 846
82 351 543 847
82 352 544 848
83 337 545 833
83 338 546 834
83 339 547 835
83 340 548 836
83 341 549 837
83 342 550 838
83 343 551 839
83 344 552 840
83 345 553 841
83 346 554 842
83 347 555 843
83 348 556 844
83 349 557 845
83 350 558 846
83 351 559 847
83 352 560 848
84 337 561 833
84 338 562 834
84 339 563 835
84 340 564 836
84 341 565 837
84 342 566 838
84 343 567 839
84 344 568 840
84 345 569 841
84 346 570 842
84 347 571 843
84 348 572 844
84 349 573 845
84 350 574 846
84 351 575 847
84 352 576 848
85 337 577 849
85 338 578 850
85 339 579 851
85 340 580 852
85 341 581 853
85 342 582 854
85 343 583 855
85 344 584 856
85 345 585 857
85 346 586 858
85 347 587 859
85 348 588 860
85 349 589 861
85 350 590 862
85 351 591 863
85 352 592 864
86 337 593 849
86 338 594 850
86 339 595 851
86 340 596 852
86 341 597 853
86 342 598 854
86 343 599 855
86 344 600 856
86 345 601 857
86 346 602 858
86 347 603 859
86 348 604 860
86 349 605 861
86 350 606 862
86 351 607 863
86 352 608 864
87 337 609 849
87 338 610 850
87 339 611 851
87 340 612 852
87 341 613 853
87 342 614 854
87 343 615 855
87 344 616 856
87 345 617 857
87 346 618 858
87 347 619 859
87 348 620 860
87 349 621 861
87 350 622 862
87 351 623 863
87 352 624 864
88 337 625 849
88 338 626 850
88 339 627 851
88 340 628 852
88 341 629 853
88 342 630 854
88 343 631 855
88 344 632 856
88 345 633 857
88 346 634 858
88 347 635 859
88 348 636 860
88 349 637 861
88 350 638 862
88 351 639 863
88 352 640 864
89 337 641 865
89 338 642 866
89 339 643 867
89 340 644 868
89 341 645 869
89 342 646 870
89 343 647 871
89 344 648 872
89 345 649 873
89 346 650 874
89 347 651 875
89 348 652 876
89 349 653 877
89 350 654 878
89 351 655 879
89 352 656 880
90 337 657 865
90 338 658 866
90 339 659 867
90 340 660 868
90 341 661 869
90 342 662 870
90 343 663 871
90 344 664 872
90 345 665 873
90 346 666 874
90 347 667 875
90 348 668 876
90 349 669 877
90 350 670 878
90 351 671 879
90 352 672 880
91 337 673 865
91 338 674 866
91 339 675 867
91 340 676 868
91 341 677 869
91 342 678 870
91 343 679 871
91 344 680 872
91 345 681 873
91 346 682 874
91 347 683 875
91 348 684 876
91 349 685 877
91 350 686 878
91 351 687 879
91 352 688 880
92 337 689 865
92 338 690 866
92 339 691 867
92 340 692 868
92 341 693 869
92 342 694 870
92 343 695 871
92 344 696 872
92 345 697 873
92 346 698 874
92 347 699 875
92 348 700 876
92 349 701 877
92 350 702 878
92 351 703 879
92 352 704 880
93 337 705 881
93 338 706 882
93 339 707 883
93 340 708 884
93 341 709 885
93 342 710 886
93 343 711 887
93 344 712 888
93 345 713 889
93 346 714 890
93 347 715 891
93 348 716 892
93 349 717 893
93 350 718 894
93 351 719 895
93 352 720 896
94 337 721 881
94 338 722 882
94 339 723 883
94 340 724 884
94 341 725 885
94 342 726 886
94 343 727 887
94 344 728 888
94 345 729 889
94 346 730 890
94 347 731 891
94 348 732 892
94 349 733 893
94 350 734 894
94 351 735 895
94 352 736 896
95 337 737 881
95 338 738 882
95 339 739 883
95 340 740 884
95 341 741 885
95 342 742 886
95 343 743 887
95 344 744 888
95 345 745 889
95 346 746 890
95 347 747 891
95 348 748 892
95 349 749 893
95 350 750 894
95 351 751 895
95 352 752 896
96 337 753 881
96 338 754 882
96 339 755 883
96 340 756 884
96 341 757 885
96 342 758 886
96 343 759 887
96 344 760 888
96 345 761 889
96 346 762 890
96 347 763 891
96 348 764 892
96 349 765 893
96 350 766 894
96 351 767 895
96 352 768 896
97 353 513 833
97 354 514 834
97 355 515 835
97 356 516 836
97 357 517 837
97 358 518 838
97 359 519 839
97 360 520 840
97 361 521 841
97 362 522 842
97 363 523 843
97 364 524 844
97 365 525 845
97 366 526 846
97 367 527 847
97 368 528 848
98 353 529 833
98 354 530 834
98 355 531 835
98 356 532 836
98 357 533 837
98 358 534 838
98 359 535 839
98 360 536 840
98 361 537 841
98 362 538 842
98 363 539 843
98 364 540 844
98 365 541 845
98 366 542 846
98 367 543 847
98 368 544 848
99 353 545 833
99 354 546 834
99 355 547 835
99 356 548 836
99 357 549 837
99 358 550 838
99 359 551 839
99 360 552 840
99 361 553 841
99 362 554 842
99 363 555 843
99 364 556 844
99 365 557 845
99 366 558 846
99 367 559 847
99 368 560 848
100 353 561 833
100 354 562 834
100 355 563 835
100 356 564 836
100 357 565 837
100 358 566 838
100 359 567 839
100 360 568 840
100 361 569 841
100 362 570 842
100 363 571 843
100 364 572 844
100 365 573 845
100 366 574 846
100 367 575 847
100 368 576 848
101 353 577 849
101 354 578 850
101 355 579 851
101 356 580 852
101 357 581 853
101 358 582 854
101 359 583 855
101 360 584 856
101 361 585 857
101 362 586 858
101 363 587 859
101 364 588 860
101 365 589 861
101 366 590 862
101 367 591 863
101 368 592 864
102 353 593 849
102 354 594 850
102 355 595 851
102 356 596 852
102 357 597 853
102 358 598 854
102 359 599 855
102 360 600 856
102 361 601 857
102 362 602 858
102 363 603 859
102 364 604 860
102 365 605 861
102 366 606 862
102 367 607 863
102 368 608 864
103 353 609 849
103 354 610 850
103 355 611 851
103 356 612 852
103 357 613 853
103 358 614 854
103 359 615 855
103 360 616 856
103 361 617 857
103 362 618 858
103 363 619 859
103 364 620 860
103 365 621 861
103 366 622 862
103 367 623 863
103 368 624 864
104 353 625 849
104 354 626 850
104 355 627 851
104 356 628 852
104 357 629 853
104 358 630 854
104 359 631 855
104 360 632 856
104 361 633 857
104 362 634 858
104 363 635 859
104 364 636 860
104 365 637 861
104 366 638 862
104 367 639 863
104 368 640 864
105 353 641 865
105 354 642 866
105 355 643 867
105 356 644 868
105 357 645 869
105 358 646 870
105 359 647 871
105 360 648 872
105 361 649 873
105 362 650 874
105 363 651 875
105 364 652 876
105 365 653 877
105 366 654 878
105 367 655 879
105 368 656 880
106 353 657 865
106 354 658 866
106 355 659 867
106 356 660 868
106 357 661 869
106 358 662 870
106 359 663 871
106 360 664 872
106 361 665 873
106 362 666 874
106 363 667 875
106 364 668 876
106 365 669 877
106 366 670 878
106 367 671 879
106 368 672 880
107 353 673 865
107 354 674 866
107 355 675 867
107 356 676 868
107 357 677 869
107 358 678 870
107 359 679 871
107 360 680 872
107 361 681 873
107 362 682 874
107 363 683 875
107 364 684 876
107 365 685 877
107 366 686 878
107 367 687 879
107 368 688 880
108 353 689 865
108 354 690 866
108 355 691 867
108 356 692 868
108 357 693 869
108 358 694 870
108 359 695 871
108 360 696 872
108 361 697 873
108 362 698 874
108 363 699 875
108 364 700 876
108 365 701 877
108 366 702 878
108 367 703 879
108 368 704 880
109 353 705 881
109 354 706 882
109 355 707 883
109 356 708 884
109 357 709 885
109 358 710 886
109 359 711 887
109 360 712 888
109 361 713 889
109 362 714 890
109 363 715 891
109 364 716 892
109 365 717 893
109 366 718 894
109 367 719 895
109 368 720 896
110 353 721 881
110 354 722 882
110 355 723 883
110 356 724 884
110 357 725 885
110 358 726 886
110 359 727 887
110 360 728 888
110 361 729 889
110 362 730 890
110 363 731 891
110 364 732 892
110 365 733 893
110 366 734 894
110 367 735 895
110 368 736 896
111 353 737 881
111 354 738 882
111 355 739 883
111 356 740 884
111 357 741 885
111 358 742 886
111 359 743 887
111 360 744 888
111 361 745 889
111 362 746 890
111 363 747 891
111 364 748 892
111 365 749 893
111 366 750 894
111 367 751 895
111 368 752 896
112 353 753 881
112 354 754 882
112 355 755 883
112 356 756 884
112 357 757 885
112 358 758 886
112 359 759 887
112 360 760 888
112 361 761 889
112 362 762 890
112 363 763 891
112 364 764 892
112 365 765 893
112 366 766 894
112 367 767 895
112 368 768 896
113 369 513 833
113 370 514 834
113 371 515 835
113 372 516 836
113 373 517 837
113 374 518 838
113 375 519 839
113 376 520 840
113 377 521 841
113 378 522 842
113 379 523 843
113 380 524 844
113 381 525 845
113 382 526 846
113 383 527 847
113 384 528 848
114 369 529 833
114 370 530 834
114 371 531 835
114 372 532 836
114 373 533 837
114 374 534 838
114 375 535 839
114 376 536 840
114 377 537 841
114 378 538 842
114 379 539 843
114 380 540 844
114 381 541 845
114 382 542 846
114 383 543 847
114 384 544 848
115 369 545 833
115 370 546 834
115 371 547 835
115 372 548 836
115 373 549 837
115 374 550 838
115 375 551 839
115 376 552 840
115 377 553 841
115 378 554 842
115 379 555 843
115 380 556 844
115 381 557 845
115 382 558 846
115 383 559 847
115 384 560 848
116 369 561 833
116 370 562 834
116 371 563 835
116 372 564 836
116 373 565 837
116 374 566 838
116 375 567 839
116 376 568 840
116 377 569 841
116 378 570 842
116 379 571 843
116 380 572 844
116 381 573 845
116 382 574 846
116 383 575 847
116 384 576 848
117 369 577 849
117 370 578 850
117 371 579 851
117 372 580 852
117 373 581 853
117 374 582 854
117 375 583 855
117 376 584 856
117 377 585 857
117 378 586 858
117 379 587 859
117 380 588 860
117 381 589 861
117 382 590 862
117 383 591 863
117 384 592 864
118 369 593 849
118 370 594 850
118 371 595 851
118 372 596 852
118 373 597 853
118 374 598 854
118 375 599 855
118 376 600 856
118 377 601 857
118 378 602 858
118 379 603 859
118 380 604 860
118 381 605 861
118 382 606 862
118 383 607 863
118 384 608 864
119 369 609 849
119 370 610 850
119 371 611 851
119 372 612 852
119 373 613 853
119 374 614 854
119 375 615 855
119 376 616 856
119 377 617 857
119 378 618 858
119 379 619 859
119 380 620 860
119 381 621 861
119 382 622 862
119 383 623 863
119 384 624 864
120 369 625 849
120 370 626 850
120 371 627 851
120 372 628 852
120 373 629 853
120 374 630 854
120 375 631 855
120 376 632 856
120 377 633 857
120 378 634 858
120 379 635 859
120 380 636 860
120 381 637 861
120 382 638 862
120 383 639 863
120 384 640 864
121 369 641 865
121 370 642 866
121 371 643 867
121 372 644 868
121 373 645 869
121 374 646 870
121 375 647 871
121 376 648 872
121 377 649 873
121 378 650 874
121 379 651 875
121 380 652 876
121 381 653 877
121 382 654 878
121 383 655 879
121 384 656 880
122 369 657 865
122 370 658 866
122 371 659 867
122 372 660 868
122 373 661 869
122 374 662 870
122 375 663 871
122 376 664 872
122 377 665 873
122 378 666 874
122 379 667 875
122 380 668 876
122 381 669 877
122 382 670 878
122 383 671 879
122 384 672 880
123 369 673 865
123 370 674 866
123 371 675 867
123 372 676 868
123 373 677 869
123 374 678 870
123 375 679 871
123 376 680 872
123 377 681 873
123 378 682 874
123 379 683 875
123 380 684 876
123 381 685 877
123 382 686 878
123 383 687 879
123 384 688 880
124 369 689 865
124 370 690 866
124 371 691 867
124 372 692 868
124 373 693 869
124 374 694 870
124 375 695 871
124 376 696 872
124 377 697 873
124 378 698 874
124 379 699 875
124 380 700 876
124 381 701 877
124 382 702 878
124 383 703 879
124 384 704 880
125 369 705 881
125 370 706 882
125 371 707 883
125 372 708 884
125 373 709 885
125 374 710 886
125 375 711 887
125 376 712 888
125 377 713 889
125 378 714 890
125 379 715 891
125 380 716 892
125 381 717 893
125 382 718 894
125 383 719 895
125 384 720 896
126 369 721 881
126 370 722 882
126 371 723 883
126 372 724 884
126 373 725 885
126 374 726 886
126 375 727 887
126 376 728 888
126 377 729 889
126 378 730 890
126 379 731 891
126 380 732 892
126 381 733 893
126 382 734 894
126 383 735 895
126 384 736 896
127 369 737 881
127 370 738 882
127 371 739 883
127 372 740 884
127 373 741 885
127 374 742 886
127 375 743 887
127 376 744 888
127 377 745 889
127 378 746 890
127 379 747 891
127 380 748 892
127 381 749 893
127 382 750 894
127 383 751 895
127 384 752 896
128 369 753 881
128 370 754 882
128 371 755 883
128 372 756 884
128 373 757 885
128 374 758 886
128 375 759 887
128 376 760 888
128 377 761 889
128 378 762 890
128 379 763 891
128 380 764 892
128 381 765 893
128 382 766 894
128 383 767 895
128 384 768 896
129 385 513 897
129 386 514 898
129 387 515 899
129 388 516 900
129 389 517 901
129 390 518 902
129 391 519 903
129 392 520 904
129 393 521 905
129 394 522 906
129 395 523 907
129 396 524 908
129 397 525 909
129 398 526 910
129 399 527 911
129 400 528 912
130 385 529 897
130 386 530 898
130 387 531 899
130 388 532 900
130 389 533 901
130 390 534 902
130 391 535 903
130 392 536 904
130 393 537 905
130 394 538 906
130 395 539 907
130 396 540 908
130 397 541 909
130 398 542 910
130 399 543 911
130 400 544 912
131 385 545 897
131 386 546 898
131 387 547 899
131 388 548 900
131 389 549 901
131 390 550 902
131 391 551 903
131 392 552 904
131 393 553 905
131 394 554 906
131 395 555 907
131 396 556 908
131 397 557 909
131 398 558 910
131 399 559 911
131 400 560 912
132 385 561 897
132 386 562 898
132 387 563 899
132 388 564 900
132 389 565 901
132 390 566 902
132 391 567 903
132 392 568 904
132 393 569 905
132 394 570 906
132 395 571 907
132 396 572 908
132 397 573 909
132 398 574 910
132 399 575 911
132 400 576 912
133 385 577 913
133 386 578 914
133 387 579 915
133 388 580 916
133 389 581 917
133 390 582 918
133 391 583 919
133 392 584 920
133 393 585 921
133 394 586 922
133 395 587 923
133 396 588 924
133 397 589 925
133 398 590 926
133 399 591 927
133 400 592 928
134 385 593 913
134 386 594 914
134 387 595 915
134 388 596 916
134 389 597 917
134 390 598 918
134 391 599 919
134 392 600 920
134 393 601 921
134 394 602 922
134 395 603 923
134 396 604 924
134 397 605 925
134 398 606 926
134 399 607 927
134 400 608 928
135 385 609 913
135 386 610 914
135 387 611 915
135 388 612 916
135 389 613 917
135 390 614 918
135 391 615 919
135 392 616 920
135 393 617 921
135 394 618 922
135 395 619 923
135 396 620 924
135 397 621 925
135 398 622 926
135 399 623 927
135 400 624 928
136 385 625 913
136 386 626 914
136 387 627 915
136 388 628 916
136 389 629 917
136 390 630 918
136 391 631 919
136 392 632 920
136 393 633 921
136 394 634 922
136 395 635 923
136 396 636 924
136 397 637 925
136 398 638 926
136 399 639 927
136 400 640 928
137 385 641 929
137 386 642 930
137 387 643 931
137 388 644 932
137 389 645 933
137 390 646 934
137 391 647 935
137 392 648 936
137 393 649 937
137 394 650 938
137 395 651 939
137 396 652 940
137 397 653 941
137 398 654 942
137 399 655 943
137 400 656 944
138 385 657 929
138 386 658 930
138 387 659 931
138 388 660 932
138 389 661 933
138 390 662 934
138 391 663 935
138 392 664 936
138 393 665 937
138 394 666 938
138 395 667 939
138 396 668 940
138 397 669 941
138 398 670 942
138 399 671 943
138 400 672 944
139 385 673 929
139 386 674 930
139 387 675 931
139 388 676 932
139 389 677 933
139 390 678 934
139 391 679 935
139 392 680 936
139 393 681 937
139 394 682 938
139 395 683 939
139 396 684 940
139 397 685 941
139 398 686 942
139 399 687 943
139 400 688 944
140 385 689 929
140 386 690 930
140 387 691 931
140 388 692 932
140 389 693 933
140 390 694 934
140 391 695 935
140 392 696 936
140 393 697 937
140 394 698 938
140 395 699 939
140 396 700 940
140 397 701 941
140 398 702 942
140 399 703 943
140 400 704 944
141 385 705 945
141 386 706 946
141 387 707 947
141 388 708 948
141 389 709 949
141 390 710 950
141 391 711 951
141 392 712 952
141 393 713 953
141 394 714 954
141 395 715 955
141 396 716 956
141 397 717 957
141 398 718 958
141 399 719 959
141 400 720 960
142 385 721 945
142 386 722 946
142 387 723 947
142 388 724 948
142 389 725 949
142 390 726 950
142 391 727 951
142 392 728 952
142 393 729 953
142 394 730 954
142 395 731 955
142 396 732 956
142 397 733 957
142 398 734 958
142 399 735 959
142 400 736 960
143 385 737 945
143 386 738 946
143 387 739 947
143 388 740 948
143 389 741 949
143 390 742 950
143 391 743 951
143 392 744 952
143 393 745 953
143 394 746 954
143 395 747 955
143 396 748 956
143 397 749 957
143 398 750 958
143 399 751 959
143 400 752 960
144 385 753 945
144 386 754 946
144 387 755 947
144 388 756 948
144 389 757 949
144 390 758 950
144 391 759 951
144 392 760 952
144 393 761 953
144 394 762 954
144 395 763 955
144 396 764 956
144 397 765 957
144 398 766 958
144 399 767 959
144 400 768 960
145 401 513 897
145 402 514 898
145 403 515 899
145 404 516 900
145 405 517 901
145 406 518 902
145 407 519 903
145 408 520 904
145 409 521 905
145 410 522 906
145 411 523 907
145 412 524 908
145 413 525 909
145 414 526 910
145 415 527 911
145 416 528 912
146 401 529 897
146 402 530 898
146 403 531 899
146 404 532 900
146 405 533 901
146 406 534 902
146 407 535 903
146 408 536 904
146 409 537 905
146 410 538 906
146 411 539 907
146 412 540 908
146 413 541 909
146 414 542 910
146 415 543 911
146 416 544 912
147 401 545 897
147 402 546 898
147 403 547 899
147 404 548 900
147 405 549 901
147 406 550 902
147 407 551 903
147 408 552 904
147 409 553 905
147 410 554 906
147 411 555 907
147 412 556 908
147 413 557 909
147 414 558 910
147 415 559 911
147 416 560 912
148 401 561 897
148 402 562 898
148 403 563 899
148 404 564 900
148 405 565 901
148 406 566 902
148 407 567 903
148 408 568 904
148 409 569 905
148 410 570 906
148 411 571 907
148 412 572 908
148 413 573 909
148 414 574 910
148 415 575 911
148 416 576 912
149 401 577 913
149 402 578 914
149 403 579 915
149 404 580 916
149 405 581 917
149 406 582 918
149 407 583 919
149 408 584 920
149 409 585 921
149 410 586 922
149 411 587 923
149 412 588 924
149 413 589 925
149 414 590 926
149 415 591 927
149 416 592 928
150 401 593 913
150 402 594 914
150 403 595 915
150 404 596 916
150 405 597 917
150 406 598 918
150 407 599 919
150 408 600 920
150 409 601 921
150 410 602 922
150 411 603 923
150 412 604 924
150 413 605 925
150 414 606 926
150 415 607 927
150 416 608 928
151 401 609 913
151 402 610 914
151 403 611 915
151 404 612 916
151 405 613 917
151 406 614 918
151 407 615 919
151 408 616 920
151 409 617 921
151 410 618 922
151 411 619 923
151 412 620 924
151 413 621 925
151 414 622 926
151 415 623 927
151 416 624 928
152 401 625 913
152 402 626 914
152 403 627 915
152 404 628 916
152 405 629 917
152 406 630 918
152 407 631 919
152 408 632 920
152 409 633 921
152 410 634 922
152 411 635 923
152 412 636 924
152 413 637 925
152 414 638 926
152 415 639 927
152 416 640 928
153 401 641 929
153 402 642 930
153 403 643 931
153 404 644 932
153 405 645 933
153 406 646 934
153 407 647 935
153 408 648 936
153 409 649 937
153 410 650 938
153 411 651 939
153 412 652 940
153 413 653 941
153 414 654 942
153 415 655 943
153 416 656 944
154 401 657 929
154 402 658 930
154 403 659 931
154 404 660 932
154 405 661 933
154 406 662 934
154 407 663 935
154 408 664 936
154 409 665 937
154 410 666 938
154 411 667 939
154 412 668 940
154 413 669 941
154 414 670 942
154 415 671 943
154 416 672 944
155 401 673 929
155 402 674 930
155 403 675 931
155 404 676 932
155 405 677 933
155 406 678 934
155 407 679 935
155 408 680 936
155 409 681 937
155 410 682 938
155 411 683 939
155 412 684 940
155 413 685 941
155 414 686 942
155 415 687 943
155 416 688 944
156 401 689 929
156 402 690 930
156 403 691 931
156 404 692 932
156 405 693 933
156 406 694 934
156 407 695 935
156 408 696 936
156 409 697 937
156 410 698 938
156 411 699 939
156 412 700 940
156 413 701 941
156 414 702 942
156 415 703 943
156 416 704 944
157 401 705 945
157 402 706 946
157 403 707 947
157 404 708 948
157 405 709 949
157 406 710 950
157 407 711 951
157 408 712 952
157 409 713 953
157 410 714 954
157 411 715 955
157 412 716 956
157 413 717 957
157 414 718 958
157 415 719 959
157 416 720 960
158 401 721 945
158 402 722 946
158 403 723 947
158 404 724 948
158 405 725 949
158 406 726 950
158 407 727 951
158 408 728 952
158 409 729 953
158 410 730 954
158 411 731 955
158 412 732 956
158 413 733 957
158 414 734 958
158 415 735 959
158 416 736 960
159 401 737 945
159 402 738 946
159 403 739 947
159 404 740 948
159 405 741 949
159 406 742 950
159 407 743 951
159 408 744 952
159 409 745 953
159 410 746 954
159 411 747 955
159 412 748 956
159 413 749 957
159 414 750 958
159 415 751 959
159 416 752 960
160 401 753 945
160 402 754 946
160 403 755 947
160 404 756 948
160 405 757 949
160 406 758 950
160 407 759 951
160 408 760 952
160 409 761 953
160 410 762 954
160 411 763 955
160 412 764 956
160 413 765 957
160 414 766 958
160 415 767 959
160 416 768 960
161 417 513 897
161 418 514 898
161 419 515 899
161 420 516 900
161 421 517 901
161 422 518 902
161 423 519 903
161 424 520 904
161 425 521 905
161 426 522 906
161 427 523 907
161 428 524 908
161 429 525 909
161 430 526 910
161 431 527 911
161 432 528 912
162 417 529 897
162 418 530 898
162 419 531 899
162 420 532 900
162 421 533 901
162 422 534 902
162 423 535 903
162 424 536 904
162 425 537 905
162 426 538 906
162 427 539 907
162 428 540 908
162 429 541 909
162 430 542 910
162 431 543 911
162 432 544 912
163 417 545 897
163 418 546 898
163 419 547 899
163 420 548 900
163 421 549 901
163 422 550 902
163 423 551 903
163 424 552 904
163 425 553 905
163 426 554 906
163 427 555 907
163 428 556 908
163 429 557 909
163 430 558 910
163 431 559 911
163 432 560 912
164 417 561 897
164 418 562 898
164 419 563 899
164 420 564 900
164 421 565 901
164 422 566 902
164 423 567 903
164 424 568 904
164 425 569 905
164 426 570 906
164 427 571 907
164 428 572 908
164 429 573 909
164 430 574 910
164 431 575 911
164 432 576 912
165 417 577 913
165 418 578 914
165 419 579 915
165 420 580 916
165 421 581 917
165 422 582 918
165 423 583 919
165 424 584 920
165 425 585 921
165 426 586 922
165 427 587 923
165 428 588 924
165 429 589 925
165 430 590 926
165 431 591 927
165 432 592 928
166 417 593 913
166 418 594 914
166 419 595 915
166 420 596 916
166 421 597 917
166 422 598 918
166 423 599 919
166 424 600 920
166 425 601 921
166 426 602 922
166 427 603 923
166 428 604 924
166 429 605 925
166 430 606 926
166 431 607 927
166 432 608 928
167 417 609 913
167 418 610 914
167 419 611 915
167 420 612 916
167 421 613 917
167 422 614 918
167 423 615 919
167 424 616 920
167 425 617 921
167 426 618 922
167 427 619 923
167 428 620 924
167 429 621 925
167 430 622 926
167 431 623 927
167 432 624 928
168 417 625 913
168 418 626 914
168 419 627 915
168 420 628 916
168 421 629 917
168 422 630 918
168 423 631 919
168 424 632 920
168 425 633 921
168 426 634 922
168 427 635 923
168 428 636 924
168 429 637 925
168 430 638 926
168 431 639 927
168 432 640 928
169 417 641 929
169 418 642 930
169 419 643 931
169 420 644 932
169 421 645 933
169 422 646 934
169 423 647 935
169 424 648 936
169 425 649 937
169 426 650 938
169 427 651 939
169 428 652 940
169 429 653 941
169 430 654 942
169 431 655 943
169 432 656 944
170 417 657 929
170 418 658 930
170 419 659 931
170 420 660 932
170 421 661 933
170 422 662 934
170 423 663 935
170 424 664 936
170 425 665 937
170 426 666 938
170 427 667 939
170 428 668 940
170 429 669 941
170 430 670 942
170 431 671 943
170 432 672 944
171 417 673 929
171 418 674 930
171 419 675 931
171 420 676 932
171 421 677 933
171 422 678 934
171 423 679 935
171 424 680 936
171 425 681 937
171 426 682 938
171 427 683 939
171 428 684 940
171 429 685 941
171 430 686 942
171 431 687 943
171 432 688 944
172 417 689 929
172 418 690 930
172 419 691 931
172 420 692 932
172 421 693 933
172 422 694 934
172 423 695 935
172 424 696 936
172 425 697 937
172 426 698 938
172 427 699 939
172 428 700 940
172 429 701 941
172 430 702 942
172 431 703 943
172 432 704 944
173 417 705 945
173 418 706 946
173 419 707 947
173 420 708 948
173 421 709 949
173 422 710 950
173 423 711 951
173 424 712 952
173 425 713 953
173 426 714 954
173 427 715 955
173 428 716 956
173 429 717 957
173 430 718 958
173 431 719 959
173 432 720 960
174 417 721 945
174 418 722 946
174 419 723 947
174 420 724 948
174 421 725 949
174 422 726 950
174 423 727 951
174 424 728 952
174 425 729 953
174 426 730 954
174 427 731 955
174 428 732 956
174 429 733 957
174 430 734 958
174 431 735 959
174 432 736 960
175 417 737 945
175 418 738 946
175 419 739 947
175 420 740 948
175 421 741 949
175 422 742 950
175 423 743 951
175 424 744 952
175 425 745 953
175 426 746 954
175 427 747 955
175 428 748 956
175 429 749 957
175 430 750 958
175 431 751 959
175 432 752 960
176 417 753 945
176 418 754 946
176 419 755 947
176 420 756 948
176 421 757 949
176 422 758 950
176 423 759 951
176 424 760 952
176 425 761 953
176 426 762 954
176 427 763 955
176 428 764 956
176 429 765 957
176 430 766 958
176 431 767 959
176 432 768 960
177 433 513 897
177 434 514 898
177 435 515 899
177 436 516 900
177 437 517 901
177 438 518 902
177 439 519 903
177 440 520 904
177 441 521 905
177 442 522 906
177 443 523 907
177 444 524 908
177 445 525 909
177 446 526 910
177 447 527 911
177 448 528 912
178 433 529 897
178 434 530 898
178 435 531 899
178 436 532 900
178 437 533 901
178 438 534 902
178 439 535 903
178 440 536 904
178 441 537 905
178 442 538 906
178 443 539 907
178 444 540 908
178 445 541 909
178 446 542 910
178 447 543 911
178 448 544 912
179 433 545 897
179 434 546 898
179 435 547 899
179 436 548 900
179 437 549 901
179 438 550 902
179 439 551 903
179 440 552 904
179 441 553 905
179 442 554 906
179 443 555 907
179 444 556 908
179 445 557 909
179 446 558 910
179 447 559 911
179 448 560 912
180 433 561 897
180 434 562 898
180 435 563 899
180 436 564 900
180 437 565 901
180 438 566 902
180 439 567 903
180 440 568 904
180 441 569 905
180 442 570 906
180 443 571 907
180 444 572 908
180 445 573 909
180 446 574 910
180 447 575 911
180 448 576 912
181 433 577 913
181 434 578 914
181 435 579 915
181 436 580 916
181 437 581 917
181 438 582 918
181 439 583 919
181 440 584 920
181 441 585 921
181 442 586 922
181 443 587 923
181 444 588 924
181 445 589 925
181 446 590 926
181 447 591 927
181 448 592 928
182 433 593 913
182 434 594 914
182 435 595 915
182 436 596 916
182 437 597 917
182 438 598 918
182 439 599 919
182 440 600 920
182 441 601 921
182 442 602 922
182 443 603 923
182 444 604 924
182 445 605 925
182 446 606 926
182 447 607 927
182 448 608 928
183 433 609 913
183 434 610 914
183 435 611 915
183 436 612 916
183 437 613 917
183 438 614 918
183 439 615 919
183 440 616 920
183 441 617 921
183 442 618 922
183 443 619 923
183 444 620 924
183 445 621 925
183 446 622 926
183 447 623 927
183 448 624 928
184 433 625 913
184 434 626 914
184 435 627 915
184 436 628 916
184 437 629 917
184 438 630 918
184 439 631 919
184 440 632 920
184 441 633 921
184 442 634 922
184 443 635 923
184 444 636 924
184 445 637 925
184 446 638 926
184 447 639 927
184 448 640 928
185 433 641 929
185 434 642 930
185 435 643 931
185 436 644 932
185 437 645 933
185 438 646 934
185 439 647 935
185 440 648 936
185 441 649 937
185 442 650 938
185 443 651 939
185 444 652 940
185 445 653 941
185 446 654 942
185 447 655 943
185 448 656 944
186 433 657 929
186 434 658 930
186 435 659 931
186 436 660 932
186 437 661 933
186 438 662 934
186 439 663 935
186 440 664 936
186 441 665 937
186 442 666 938
186 443 667 939
186 444 668 940
186 445 669 941
186 446 670 942
186 447 671 943
186 448 672 944
187 433 673 929
187 434 674 930
187 435 675 931
187 436 676 932
187 437 677 933
187 438 678 934
187 439 679 935
187 440 680 936
187 441 681 937
187 442 682 938
187 443 683 939
187 444 684 940
187 445 685 941
187 446 686 942
187 447 687 943
187 448 688 944
188 433 689 929
188 434 690 930
188 435 691 931
188 436 692 932
188 437 693 933
188 438 694 934
188 439 695 935
188 440 696 936
188 441 697 937
188 442 698 938
188 443 699 939
188 444 700 940
188 445 701 941
188 446 702 942
188 447 703 943
188 448 704 944
189 433 705 945
189 434 706 946
189 435 707 947
189 436 708 948
189 437 709 949
189 438 710 950
189 439 711 951
189 440 712 952
189 441 713 953
189 442 714 954
189 443 715 955
189 444 716 956
189 445 717 957
189 446 718 958
189 447 719 959
189 448 720 960
190 433 721 945
190 434 722 946
190 435 723 947
190 436 724 948
190 437 725 949
190 438 726 950
190 439 727 951
190 440 728 952
190 441 729 953
190 442 730 954
190 443 731 955
190 444 732 956
190 445 733 957
190 446 734 958
190 447 735 959
190 448 736 960
191 433 737 945
191 434 738 946
191 435 739 947
191 436 740 948
191 437 741 949
191 438 742 950
191 439 743 951
191 440 744 952
191 441 745 953
191 442 746 954
191 443 747 955
191 444 748 956
191 445 749 957
191 446 750 958
191 447 751 959
191 448 752 960
192 433 753 945
192 434 754 946
192 435 755 947
192 436 756 948
192 437 757 949
192 438 758 950
192 439 759 951
192 440 760 952
192 441 761 953
192 442 762 954
192 443 763 955
192 444 764 956
192 445 765 957
192 446 766 958
192 447 767 959
192 448 768 960
193 449 513 961
193 450 514 962
193 451 515 963
193 452 516 964
193 453 517 965
193 454 518 966
193 455 519 967
193 456 520 968
193 457 521 969
193 458 522 970
193 459 523 971
193 460 524 972
193 461 525 973
193 462 526 974
193 463 527 975
193 464 528 976
194 449 529 961
194 450 530 962
194 451 531 963
194 452 532 964
194 453 533 965
194 454 534 966
194 455 535 967
194 456 536 968
194 457 537 969
194 458 538 970
194 459 539 971
194 460 540 972
194 461 541 973
194 462 542 974
194 463 543 975
194 464 544 976
195 449 545 961
195 450 546 962
195 451 547 963
195 452 548 964
195 453 549 965
195 454 550 966
195 455 551 967
195 456 552 968
195 457 553 969
195 458 554 970
195 459 555 971
195 460 556 972
195 461 557 973
195 462 558 974
195 463 559 975
195 464 560 976
196 449 561 961
196 450 562 962
196 451 563 963
196 452 564 964
196 453 565 965
196 454 566 966
196 455 567 967
196 456 568 968
196 457 569 969
196 458 570 970
196 459 571 971
196 460 572 972
196 461 573 973
196 462 574 974
196 463 575 975
196 464 576 976
197 449 577 977
197 450 578 978
197 451 579 979
197 452 580 980
197 453 581 981
197 454 582 982
197 455 583 983
197 456 584 984
197 457 585 985
197 458 586 986
197 459 587 987
197 460 588 988
197 461 589 989
197 462 590 990
197 463 591 991
197 464 592 992
198 449 593 977
198 450 594 978
198 451 595 979
198 452 596 980
198 453 597 981
198 454 598 982
198 455 599 983
198 456 600 984
198 457 601 985
198 458 602 986
198 459 603 987
198 460 604 988
198 461 605 989
198 462 606 990
198 463 607 991
198 464 608 992
199 449 609 977
199 450 610 978
199 451 611 979
199 452 612 980
199 453 613 981
199 454 614 982
199 455 615 983
199 456 616 984
199 457 617 985
199 458 618 986
199 459 619 987
199 460 620 988
199 461 621 989
199 462 622 990
199 463 623 991
199 464 624 992
200 449 625 977
200 450 626 978
200 451 627 979
200 452 628 980
200 453 629 981
200 454 630 982
200 455 631 983
200 456 632 984
200 457 633 985
200 458 634 986
200 459 635 987
200 460 636 988
200 461 637 989
200 462 638 990
200 463 639 991
200 464 640 992
201 449 641 993
201 450 642 994
201 451 643 995
201 452 644 996
201 453 645 997
201 454 646 998
201 455 647 999
201 456 648 1000
201 457 649 1001
201 458 650 1002
201 459 651 1003
201 460 652 1004
201 461 653 1005
201 462 654 1006
201 463 655 1007
201 464 656 1008
202 449 657 993
202 450 658 994
202 451 659 995
202 452 660 996
202 453 661 997
202 454 662 998
202 455 663 999
202 456 664 1000
202 457 665 1001
202 458 666 1002
202 459 667 1003
202 460 668 1004
202 461 669 1005
202 462 670 1006
202 463 671 1007
202 464 672 1008
203 449 673 993
203 450 674 994
203 451 675 995
203 452 676 996
203 453 677 997
203 454 678 998
203 455 679 999
203 456 680 1000
203 457 681 1001
203 458 682 1002
203 459 683 1003
203 460 684 1004
203 461 685 1005
203 462 686 1006
203 463 687 1007
203 464 688 1008
204 449 689 993
204 450 690 994
204 451 691 995
204 452 692 996
204 453 693 997
204 454 694 998
204 455 695 999
204 456 696 1000
204 457 697 1001
204 458 698 1002
204 459 699 1003
204 460 700 1004
204 461 701 1005
204 462 702 1006
204 463 703 1007
204 464 704 1008
205 449 705 1009
205 450 706 1010
205 451 707 1011
205 452 708 1012
205 453 709 1013
205 454 710 1014
205 455 711 1015
205 456 712 1016
205 457 713 1017
205 458 714 1018
205 459 715 1019
205 460 716 1020
205 461 717 1021
205 462 718 1022
205 463 719 1023
205 464 720 1024
206 449 721 1009
206 450 722 1010
206 451 723 1011
206 452 724 1012
206 453 725 1013
206 454 726 1014
206 455 727 1015
206 456 728 1016
206 457 729 1017
206 458 730 1018
206 459 731 1019
206 460 732 1020
206 461 733 1021
206 462 734 1022
206 463 735 1023
206 464 736 1024
207 449 737 1009
207 450 738 1010
207 451 739 1011
207 452 740 1012
207 453 741 1013
207 454 742 1014
207 455 743 1015
207 456 744 1016
207 457 745 1017
207 458 746 1018
207 459 747 1019
207 460 748 1020
207 461 749 1021
207 462 750 1022
207 463 751 1023
207 464 752 1024
208 449 753 1009
208 450 754 1010
208 451 755 1011
208 452 756 1012
208 453 757 1013
208 454 758 1014
208 455 759 1015
208 456 760 1016
208 457 761 1017
208 458 762 1018
208 459 763 1019
208 460 764 1020
208 461 765 1021
208 462 766 1022
208 463 767 1023
208 464 768 1024
209 465 513 961
209 466 514 962
209 467 515 963
209 468 516 964
209 469 517 965
209 470 518 966
209 471 519 967
209 472 520 968
209 473 521 969
209 474 522 970
209 475 523 971
209 476 524 972
209 477 525 973
209 478 526 974
209 479 527 975
209 480 528 976
210 465 529 961
210 466 530 962
210 467 531 963
210 468 532 964
210 469 533 965
210 470 534 966
210 471 535 967
210 472 536 968
210 473 537 969
210 474 538 970
210 475 539 971
210 476 540 972
210 477 541 973
210 478 542 974
210 479 543 975
210 480 544 976
211 465 545 961
211 466 546 962
211 467 547 963
211 468 548 964
211 469 549 965
211 470 550 966
211 471 551 967
211 472 552 968
211 473 553 969
211 474 554 970
211 475 555 971
211 476 556 972
211 477 557 973
211 478 558 974
211 479 559 975
211 480 560 976
212 465 561 961
212 466 562 962
212 467 563 963
212 468 564 964
212 469 565 965
212 470 566 966
212 471 567 967
212 472 568 968
212 473 569 969
212 474 570 970
212 475 571 971
212 476 572 972
212 477 573 973
212 478 574 974
212 479 575 975
212 480 576 976
213 465 577 977
213 466 578 978
213 467 579 979
213 468 580 980
213 469 581 981
213 470 582 982
213 471 583 983
213 472 584 984
213 473 585 985
213 474 586 986
213 475 587 987
213 476 588 988
213 477 589 989
213 478 590 990
213 479 591 991
213 480 592 992
214 465 593 977
214 466 594 978
214 467 595 979
214 468 596 980
214 469 597 981
214 470 598 982
214 471 599 983
214 472 600 984
214 473 601 985
214 474 602 986
214 475 603 987
214 476 604 988
214 477 605 989
214 478 606 990
214 479 607 991
214 480 608 992
215 465 609 977
215 466 610 978
215 467 611 979
215 468 612 980
215 469 613 981
215 470 614 982
215 471 615 983
215 472 616 984
215 473 617 985
215 474 618 986
215 475 619 987
215 476 620 988
215 477 621 989
215 478 622 990
215 479 623 991
215 480 624 992
216 465 625 977
216 466 626 978
216 467 627 979
216 468 628 980
216 469 629 981
216 470 630 982
216 471 631 983
216 472 632 984
216 473 633 985
216 474 634 986
216 475 635 987
216 476 636 988
216 477 637 989
216 478 638 990
216 479 639 991
216 480 640 992
217 465 641 993
217 466 642 994
217 467 643 995
217 468 644 996
217 469 645 997
217 470 646 998
217 471 647 999
217 472 648 1000
217 473 649 1001
217 474 650 1002
217 475 651 1003
217 476 652 1004
217 477 653 1005
217 478 654 1006
217 479 655 1007
217 480 656 1008
218 465 657 993
218 466 658 994
218 467 659 995
218 468 660 996
218 469 661 997
218 470 662 998
218 471 663 999
218 472 664 1000
218 473 665 1001
218 474 666 1002
218 475 667 1003
218 476 668 1004
218 477 669 1005
218 478 670 1006
218 479 671 1007
218 480 672 1008
219 465 673 993
219 466 674 994
219 467 675 995
219 468 676 996
219 469 677 997
219 470 678 998
219 471 679 999
219 472 680 1000
219 473 681 1001
219 474 682 1002
219 475 683 1003
219 476 684 1004
219 477 685 1005
219 478 686 1006
219 479 687 1007
219 480 688 1008
220 465 689 993
220 466 690 994
220 467 691 995
220 468 692 996
220 469 693 997
220 470 694 998
220 471 695 999
220 472 696 1000
220 473 697 1001
220 474 698 1002
220 475 699 1003
220 476 700 1004
220 477 701 1005
220 478 702 1006
220 479 703 1007
220 480 704 1008
221 465 705 1009
221 466 706 1010
221 467 707 1011
221 468 708 1012
221 469 709 1013
221 470 710 1014
221 471 711 1015
221 472 712 1016
221 473 713 1017
221 474 714 1018
221 475 715 1019
221 476 716 1020
221 477 717 1021
221 478 718 1022
221 479 719 1023
221 480 720 1024
222 465 721 1009
222 466 722 1010
222 467 723 1011
222 468 724 1012
222 469 725 1013
222 470 726 1014
222 471 727 1015
222 472 728 1016
222 473 729 1017
222 474 730 1018
222 475 731 1019
222 476 732 1020
222 477 733 1021
222 478 734 1022
222 479 735 1023
222 480 736 1024
223 465 737 1009
223 466 738 1010
223 467 739 1011
223 468 740 1012
223 469 741 1013
223 470 742 1014
223 471 743 1015
223 472 744 1016
223 473 745 1017
223 474 746 1018
223 475 747 1019
223 476 748 1020
223 477 749 1021
223 478 750 1022
223 479 751 1023
223 480 752 1024
224 465 753 1009
224 466 754 1010
224 467 755 1011
224 468 756 1012
224 469 757 1013
224 470 758 1014
224 471 759 1015
224 472 760 1016
224 473 761 1017
224 474 762 1018
224 475 763 1019
224 476 764 1020
224 477 765 1021
224 478 766 1022
224 479 767 1023
224 480 768 1024
225 481 513 961
225 482 514 962
225 483 515 963
225 484 516 964
225 485 517 965
225 486 518 966
225 487 519 967
225 488 520 968
225 489 521 969
225 490 522 970
225 491 523 971
225 492 524 972
225 493 525 973
225 494 526 974
225 495 527 975
225 496 528 976
226 481 529 961
226 482 530 962
226 483 531 963
226 484 532 964
226 485 533 965
226 486 534 966
226 487 535 967
226 488 536 968
226 489 537 969
226 490 538 970
226 491 539 971
226 492 540 972
226 493 541 973
226 494 542 974
226 495 543 975
226 496 544 976
227 481 545 961
227 482 546 962
227 483 547 963
227 484 548 964
227 485 549 965
227 486 550 966
227 487 551 967
227 488 552 968
227 489 553 969
227 490 554 970
227 491 555 971
227 492 556 972
227 493 557 973
227 494 558 974
227 495 559 975
227 496 560 976
228 481 561 961
228 482 562 962
228 483 563 963
228 484 564 964
228 485 565 965
228 486 566 966
228 487 567 967
228 488 568 968
228 489 569 969
228 490 570 970
228 491 571 971
228 492 572 972
228 493 573 973
228 494 574 974
228 495 575 975
228 496 576 976
229 481 577 977
229 482 578 978
229 483 579 979
229 484 580 980
229 485 581 981
229 486 582 982
229 487 583 983
229 488 584 984
229 489 585 985
229 490 586 986
229 491 587 987
229 492 588 988
229 493 589 989
229 494 590 990
229 495 591 991
229 496 592 992
230 481 593 977
230 482 594 978
230 483 595 979
230 484 596 980
230 485 597 981
230 486 598 982
230 487 599 983
230 488 600 984
230 489 601 985
230 490 602 986
230 491 603 987
230 492 604 988
230 493 605 989
230 494 606 990
230 495 607 991
230 496 608 992
231 481 609 977
231 482 610 978
231 483 611 979
231 484 612 980
231 485 613 981
231 486 614 982
231 487 615 983
231 488 616 984
231 489 617 985
231 490 618 986
231 491 619 987
231 492 620 988
231 493 621 989
231 494 622 990
231 495 623 991
231 496 624 992
232 481 625 977
232 482 626 978
232 483 627 979
232 484 628 980
232 485 629 981
232 486 630 982
232 487 631 983
232 488 632 984
232 489 633 985
232 490 634 986
232 491 635 987
232 492 636 988
232 493 637 989
232 494 638 990
232 495 639 991
232 496 640 992
233 481 641 993
233 482 642 994
233 483 643 995
233 484 644 996
233 485 645 997
233 486 646 998
233 487 647 999
233 488 648 1000
233 489 649 1001
233 490 650 1002
233 491 651 1003
233 492 652 1004
233 493 653 1005
233 494 654 1006
233 495 655 1007
233 496 656 1008
234 481 657 993
234 482 658 994
234 483 659 995
234 484 660 996
234 485 661 997
234 486 662 998
234 487 663 999
234 488 664 1000
234 489 665 1001
234 490 666 1002
234 491 667 1003
234 492 668 1004
234 493 669 1005
234 494 670 1006
234 495 671 1007
234 496 672 1008
235 481 673 993
235 482 674 994
235 483 675 995
235 484 676 996
235 485 677 997
235 486 678 998
235 487 679 999
235 488 680 1000
235 489 681 1001
235 490 682 1002
235 491 683 1003
235 492 684 1004
235 493 685 1005
235 494 686 1006
235 495 687 1007
235 496 688 1008
236 481 689 993
236 482 690 994
236 483 691 995
236 484 692 996
236 485 693 997
236 486 694 998
236 487 695 999
236 488 696 1000
236 489 697 1001
236 490 698 1002
236 491 699 1003
236 492 700 1004
236 493 701 1005
236 494 702 1006
236 495 703 1007
236 496 704 1008
237 481 705 1009
237 482 706 1010
237 483 707 1011
237 484 708 1012
237 485 709 1013
237 486 710 1014
237 487 711 1015
237 488 712 1016
237 489 713 1017
237 490 714 1018
237 491 715 1019
237 492 716 1020
237 493 717 1021
237 494 718 1022
237 495 719 1023
237 496 720 1024
238 481 721 1009
238 482 722 1010
238 483 723 1011
238 484 724 1012
238 485 725 1013
238 486 726 1014
238 487 727 1015
238 488 728 1016
238 489 729 1017
238 490 730 1018
238 491 731 1019
238 492 732 1020
238 493 733 1021
238 494 734 1022
238 495 735 1023
238 496 736 1024
239 481 737 1009
239 482 738 1010
239 483 739 1011
239 484 740 1012
239 485 741 1013
239 486 742 1014
239 487 743 1015
239 488 744 1016
239 489 745 1017
239 490 746 1018
239 491 747 1019
239 492 748 1020
239 493 749 1021
239 494 750 1022
239 495 751 1023
239 496 752 1024
240 481 753 1009
240 482 754 1010
240 483 755 1011
240 484 756 1012
240 485 757 1013
240 486 758 1014
240 487 759 1015
240 488 760 1016
240 489 761 1017
240 490 762 1018
240 491 763 1019
240 492 764 1020
240 493 765 1021
240 494 766 1022
240 495 767 1023
240 496 768 1024
241 497 513 961
241 498 514 962
241 499 515 963
241 500 516 964
241 501 517 965
241 502 518 966
241 503 519 967
241 504 520 968
241 505 521 969
241 506 522 970
241 507 523 971
241 508 524 972
241 509 525 973
241 510 526 974
241 511 527 975
241 512 528 976
242 497 529 961
242 498 530 962
242 499 531 963
242 500 532 964
242 501 533 965
242 502 534 966
242 503 535 967
242 504 536 968
242 505 537 969
242 506 538 970
242 507 539 971
242 508 540 972
242 509 541 973
242 510 542 974
242 511 543 975
242 512 544 976
243 497 545 961
243 498 546 962
243 499 547 963
243 500 548 964
243 501 549 965
243 502 550 966
243 503 551 967
243 504 552 968
243 505 553 969
243 506 554 970
243 507 555 971
243 508 556 972
243 509 557 973
243 510 558 974
243 511 559 975
243 512 560 976
244 497 561 961
244 498 562 962
244 499 563 963
244 500 564 964
244 501 565 965
244 502 566 966
244 503 567 967
244 504 568 968
244 505 569 969
244 506 570 970
244 507 571 971
244 508 572 972
244 509 573 973
244 510 574 974
244 511 575 975
244 512 576 976
245 497 577 977
245 498 578 978
245 499 579 979
245 500 580 980
245 501 581 981
245 502 582 982
245 503 583 983
245 504 584 984
245 505 585 985
245 506 586 986
245 507 587 987
245 508 588 988
245 509 589 989
245 510 590 990
245 511 591 991
245 512 592 992
246 497 593 977
246 498 594 978
246 499 595 979
246 500 596 980
246 501 597 981
246 502 598 982
246 503 599 983
246 504 600 984
246 505 601 985
246 506 602 986
246 507 603 987
246 508 604 988
246 509 605 989
246 510 606 990
246 511 607 991
246 512 608 992
247 497 609 977
247 498 610 978
247 499 611 979
247 500 612 980
247 501 613 981
247 502 614 982
247 503 615 983
247 504 616 984
247 505 617 985
247 506 618 986
247 507 619 987
247 508 620 988
247 509 621 989
247 510 622 990
247 511 623 991
247 512 624 992
248 497 625 977
248 498 626 978
248 499 627 979
248 500 628 980
248 501 629 981
248 502 630 982
248 503 631 983
248 504 632 984
248 505 633 985
248 506 634 986
248 507 635 987
248 508 636 988
248 509 637 989
248 510 638 990
248 511 639 991
248 512 640 992
249 497 641 993
249 498 642 994
249 499 643 995
249 500 644 996
249 501 645 997
249 502 646 998
249 503 647 999
249 504 648 1000
249 505 649 1001
249 506 650 1002
249 507 651 1003
249 508 652 1004
249 509 653 1005
249 510 654 1006
249 511 655 1007
249 512 656 1008
250 497 657 993
250 498 658 994
250 499 659 995
250 500 660 996
250 501 661 997
250 502 662 998
250 503 663 999
250 504 664 1000
250 505 665 1001
250 506 666 1002
250 507 667 1003
250 508 668 1004
250 509 669 1005
250 510 670 1006
250 511 671 1007
250 512 672 1008
251 497 673 993
251 498 674 994
251 499 675 995
251 500 676 996
251 501 677 997
251 502 678 998
251 503 679 999
251 504 680 1000
251 505 681 1001
251 506 682 1002
251 507 683 1003
251 508 684 1004
251 509 685 1005
251 510 686 1006
251 511 687 1007
251 512 688 1008
252 497 689 993
252 498 690 994
252 499 691 995
252 500 692 996
252 501 693 997
252 502 694 998
252 503 695 999
252 504 696 1000
252 505 697 1001
252 506 698 1002
252 507 699 1003
252 508 700 1004
252 509 701 1005
252 510 702 1006
252 511 703 1007
252 512 704 1008
253 497 705 1009
253 498 706 1010
253 499 707 1011
253 500 708 1012
253 501 709 1013
253 502 710 1014
253 503 711 1015
253 504 712 1016
253 505 713 1017
253 506 714 1018
253 507 715 1019
253 508 716 1020
253 509 717 1021
253 510 718 1022
253 511 719 1023
253 512 720 1024
254 497 721 1009
254 498 722 1010
254 499 723 1011
254 500 724 1012
254 501 725 1013
254 502 726 1014
254 503 727 1015
254 504 728 1016
254 505 729 1017
254 506 730 1018
254 507 731 1019
254 508 732 1020
254 509 733 1021
254 510 734 1022
254 511 735 1023
254 512 736 1024
255 497 737 1009
255 498 738 1010
255 499 739 1011
255 500 740 1012
255 501 741 1013
255 502 742 1014
255 503 743 1015
255 504 744 1016
255 505 745 1017
255 506 746 1018
255 507 747 1019
255 508 748 1020
255 509 749 1021
255 510 750 1022
255 511 751 1023
255 512 752 1024
256 497 753 1009
256 498 754 1010
256 499 755 1011
256 500 756 1012
256 501 757 1013
256 502 758 1014
256 503 759 1015
256 504 760 1016
256 505 761 1017
256 506 762 1018
256 507 763 1019
256 508 764 1020
256 509 765 1021
256 510 766 1022
256 511 767 1023
256 512 768 1024
