729 324 324 28
1 82 163 244
1 83 164 245
1 84 165 246
1 85 166 247
1 86 167 248
1 87 168 249
1 88 169 250
1 89 170 251
1 90 171 252
2 82 172 244
2 83 173 245
2 84 174 246
2 85 175 247
2 86 176 248
2 87 177 249
2 88 178 250
2 89 179 251
2 90 180 252
3 82 181 244
3 83 182 245
3 84 183 246
3 85 184 247
3 86 185 248
3 87 186 249
3 88 187 250
3 89 188 251
3 90 189 252
4 82 190 253
4 83 191 254
4 84 192 255
4 85 193 256
4 86 194 257
4 87 195 258
4 88 196 259
4 89 197 260
4 90 198 261
5 82 199 253
5 83 200 254
5 84 201 255
5 85 202 256
5 86 203 257
5 87 204 258
5 88 205 259
5 89 206 260
5 90 207 261
6 82 208 253
6 83 209 254
6 84 210 255
6 85 211 256
6 86 212 257
6 87 213 258
6 88 214 259
6 89 215 260
6 90 216 261
7 82 217 262
7 83 218 263
7 84 219 264
7 85 220 265
7 86 221 266
7 87 222 267
7 88 223 268
7 89 224 269
7 90 225 270
8 82 226 262
8 83 227 263
8 84 228 264
8 85 229 265
8 86 230 266
8 87 231 267
8 88 232 268
8 89 233 269
8 90 234 270
9 82 235 262
9 83 236 263
9 84 237 264
9 85 238 265
9 86 239 266
9 87 240 267
9 88 241 268
9 89 242 269
9 90 243 270
10 91 163 244
10 92 164 245
10 93 165 246
10 94 166 247
10 95 167 248
10 96 168 249
10 97 169 250
10 98 170 251
10 99 171 252
11 91 172 244
11 92 173 245
11 93 174 246
11 94 175 247
11 95 176 248
11 96 177 249
11 97 178 250
11 98 179 251
11 99 180 252
12 91 181 244
12 92 182 245
12 93 183 246
12 94 184 247
12 95 185 248
12 96 186 249
12 97 187 250
12 98 188 251
12 99 189 252
13 91 190 253
13 92 191 254
13 93 192 255
13 94 193 256
13 95 194 257
13 96 195 258
13 97 196 259
13 98 197 260
13 99 198 261
14 91 199 253
14 92 200 254
14 93 201 255
14 94 202 256
14 95 203 257
14 96 204 258
14 97 205 259
14 98 206 260
14 99 207 261
15 91 208 253
15 92 209 254
15 93 210 255
15 94 211 256
15 95 212 257
15 96 213 258
15 97 214 259
15 98 215 260
15 99 216 261
16 91 217 262
16 92 218 263
16 93 219 264
16 94 220 265
16 95 221 266
16 96 222 267
16 97 223 268
16 98 224 269
16 99 225 270
17 91 226 262
17 92 227 263
17 93 228 264
17 94 229 265
17 95 230 266
17 96 231 267
17 97 232 268
17 98 233 269
17 99 234 270
18 91 235 262
18 92 236 263
18 93 237 264
18 94 238 265
18 95 239 266
18 96 240 267
18 97 241 268
18 98 242 269
18 99 243 270
19 100 163 244
19 101 164 245
19 102 165 246
19 103 166 247
19 104 167 248
19 105 168 249
19 106 169 250
19 107 170 251
19 108 171 252
20 100 172 244
20 101 173 245
20 102 174 246
20 103 175 247
20 104 176 248
20 105 177 249
20 106 178 250
20 107 179 251
20 108 180 252
21 100 181 244
21 101 182 245
21 102 183 246
21 103 184 247
21 104 185 248
21 105 186 249
21 106 187 250
21 107 188 251
21 108 189 252
22 100 190 253
22 101 191 254
22 102 192 255
22 103 193 256
22 104 194 257
22 105 195 258
22 106 196 259
22 107 197 260
22 108 198 261
23 100 199 253
23 101 200 254
23 102 201 255
23 103 202 256
23 104 203 257
23 105 204 258
23 106 205 259
23 107 206 260
23 108 207 261
24 100 208 253
24 101 209 254
24 102 210 255
24 103 211 256
24 104 212 257
24 105 213 258
24 106 214 259
24 107 215 260
24 108 216 261
25 100 217 262
25 101 218 263
25 102 219 264
25 103 220 265
25 104 221 266
25 105 222 267
25 106 223 268
25 107 224 269
25 108 225 270
26 100 226 262
26 101 227 263
26 102 228 264
26 103 229 265
26 104 230 266
26 105 231 267
26 106 232 268
26 107 233 269
26 108 234 270
27 100 235 262
27 101 236 263
27 102 237 264
27 103 238 265
27 104 239 266
27 105 240 267
27 106 241 268
27 107 242 269
27 108 243 270
28 109 163 271
28 110 164 272
28 111 165 273
28 112 166 274
28 113 167 275
28 114 168 276
28 115 169 277
28 116 170 278
28 117 171 279
29 109 172 271
29 110 173 272
29 111 174 273
29 112 175 274
29 113 176 275
29 114 177 276
29 115 178 277
29 116 179 278
29 117 180 279
30 109 181 271
30 110 182 272
30 111 183 273
30 112 184 274
30 113 185 275
30 114 186 276
30 115 187 277
30 116 188 278
30 117 189 279
31 109 190 280
31 110 191 281
31 111 192 282
31 112 193 283
31 113 194 284
31 114 195 285
31 115 196 286
31 116 197 287
31 117 198 288
32 109 199 280
32 110 200 281
32 111 201 282
32 112 202 283
32 113 203 284
32 114 204 285
32 115 205 286
32 116 206 287
32 117 207 288
33 109 208 280
33 110 209 281
33 111 210 282
33 112 211 283
33 113 212 284
33 114 213 285
33 115 214 286
33 116 215 287
33 117 216 288
34 109 217 289
34 110 218 290
34 111 219 291
34 112 220 292
34 113 221 293
34 114 222 294
34 115 223 295
34 116 224 296
34 117 225 297
35 109 226 289
35 110 227 290
35 111 228 291
35 112 229 292
35 113 230 293
35 114 231 294
35 115 232 295
35 116 233 296
35 117 234 297
36 109 235 289
36 110 236 290
36 111 237 291
36 112 238 292
36 113 239 293
36 114 240 294
36 115 241 295
36 116 242 296
36 117 243 297
37 118 163 271
37 119 164 272
37 120 165 273
37 121 166 274
37 122 167 275
37 123 168 276
37 124 169 277
37 125 170 278
37 126 171 279
38 118 172 271
38 119 173 272
38 120 174 273
38 121 175 274
38 122 176 275
38 123 177 276
38 124 178 277
38 125 179 278
38 126 180 279
39 118 181 271
39 119 182 272
39 120 183 273
39 121 184 274
39 122 185 275
39 123 186 276
39 124 187 277
39 125 188 278
39 126 189 279
40 118 190 280
40 119 191 281
40 120 192 282
40 121 193 283
40 122 194 284
40 123 195 285
40 124 196 286
40 125 197 287
40 126 198 288
41 118 199 280
41 119 200 281
41 120 201 282
41 121 202 283
41 122 203 284
41 123 204 285
41 124 205 286
41 125 206 287
41 126 207 288
42 118 208 280
42 119 209 281
42 120 210 282
42 121 211 283
42 122 212 284
42 123 213 285
42 124 214 286
42 125 215 287
42 126 216 288
43 118 217 289
43 119 218 290
43 120 219 291
43 121 220 292
43 122 221 293
43 123 222 294
43 124 223 295
43 125 224 296
43 126 225 297
44 118 226 289
44 119 227 290
44 120 228 291
44 121 229 292
44 122 230 293
44 123 231 294
44 124 232 295
44 125 233 296
44 126 234 297
45 118 235 289
45 119 236 290
45 120 237 291
45 121 238 292
45 122 239 293
45 123 240 294
45 124 241 295
45 125 242 296
45 126 243 297
46 127 163 271
46 128 164 272
46 129 165 273
46 130 166 274
46 131 167 275
46 132 168 276
46 133 169 277
46 134 170 278
46 135 171 279
47 127 172 271
47 128 173 272
47 129 174 273
47 130 175 274
47 131 176 275
47 132 177 276
47 133 178 277
47 134 179 278
47 135 180 279
48 127 181 271
48 128 182 272
48 129 183 273
48 130 184 274
48 131 185 275
48 132 186 276
48 133 187 277
48 134 188 278
48 135 189 279
49 127 190 280
49 128 191 281
49 129 192 282
49 130 193 283
49 131 194 284
49 132 195 285
49 133 196 286
49 134 197 287
49 135 198 288
50 127 199 280
50 128 200 281
50 129 201 282
50 130 202 283
50 131 203 284
50 132 204 285
50 133 205 286
50 134 206 287
50 135 207 288
51 127 208 280
51 128 209 281
51 129 210 282
51 130 211 283
51 131 212 284
51 132 213 285
51 133 214 286
51 134 215 287
51 135 216 288
52 127 217 289
52 128 218 290
52 129 219 291
52 130 220 292
52 131 221 293
52 132 222 294
52 133 223 295
52 134 224 296
52 135 225 297
53 127 226 289
53 128 227 290
53 129 228 291
53 130 229 292
53 131 230 293
53 132 231 294
53 133 232 295
53 134 233 296
53 135 234 297
54 127 235 289
54 128 236 290
54 129 237 291
54 130 238 292
54 131 239 293
54 132 240 294
54 133 241 295
54 134 242 296
54 135 243 297
55 136 163 298
55 137 164 299
55 138 165 300
55 139 166 301
55 140 167 302
55 141 168 303
55 142 169 304
55 143 170 305
55 144 171 306
56 136 172 298
56 137 173 299
56 138 174 300
56 139 175 301
56 140 176 302
56 141 177 303
56 142 178 304
56 143 179 305
56 144 180 306
57 136 181 298
57 137 182 299
57 138 183 300
57 139 184 301
57 140 185 302
57 141 186 303
57 142 187 304
57 143 188 305
57 144 189 306
58 136 190 307
58 137 191 308
58 138 192 309
58 139 193 310
58 140 194 311
58 141 195 312
58 142 196 313
58 143 197 314
58 144 198 315
59 136 199 307
59 137 200 308
59 138 201 309
59 139 202 310
59 140 203 311
59 141 204 312
59 142 205 313
59 143 206 314
59 144 207 315
60 136 208 307
60 137 209 308
60 138 210 309
60 139 211 310
60 140 212 311
60 141 213 312
60 142 214 313
60 143 215 314
60 144 216 315
61 136 217 316
61 137 218 317
61 138 219 318
61 139 220 319
61 140 221 320
61 141 222 321
61 142 223 322
61 143 224 323
61 144 225 324
62 136 226 316
62 137 227 317
62 138 228 318
62 139 229 319
62 140 230 320
62 141 231 321
62 142 232 322
62 143 233 323
62 144 234 324
63 136 235 316
63 137 236 317
63 138 237 318
63 139 238 319
63 140 239 320
63 141 240 321
63 142 241 322
63 143 242 323
63 144 243 324
64 145 163 298
64 146 164 299
64 147 165 300
64 148 166 301
64 149 167 302
64 150 168 303
64 151 169 304
64 152 170 305
64 153 171 306
65 145 172 298
65 146 173 299
65 147 174 300
65 148 175 301
65 149 176 302
65 150 177 303
65 151 178 304
65 152 179 305
65 153 180 306
66 145 181 298
66 146 182 299
66 147 183 300
66 148 184 301
66 149 185 302
66 150 186 303
66 151 187 304
66 152 188 305
66 153 189 306
67 145 190 307
67 146 191 308
67 147 192 309
67 148 193 310
67 149 194 311
67 150 195 312
67 151 196 313
67 152 197 314
67 153 198 315
68 145 199 307
68 146 200 308
68 147 201 309
68 148 202 310
68 149 203 311
68 150 204 312
68 151 205 313
68 152 206 314
68 153 207 315
69 145 208 307
69 146 209 308
69 147 210 309
69 148 211 310
69 149 212 311
69 150 213 312
69 151 214 313
69 152 215 314
69 153 216 315
70 145 217 316
70 146 218 317
70 147 219 318
70 148 220 319
70 149 221 320
70 150 222 321
70 151 223 322
70 152 224 323
70 153 225 324
71 145 226 316
71 146 227 317
71 147 228 318
71 148 229 319
71 149 230 320
71 150 231 321
71 151 232 322
71 152 233 323
71 153 234 324
72 145 235 316
72 146 236 317
72 147 237 318
72 148 238 319
72 149 239 320
72 150 240 321
72 151 241 322
72 152 242 323
72 153 243 324
73 154 163 298
73 155 164 299
73 156 165 300
73 157 166 301
73 158 167 302
73 159 168 303
73 160 169 304
73 161 170 305
73 162 171 306
74 154 172 298
74 155 173 299
74 156 174 300
74 157 175 301
74 158 176 302
74 159 177 303
74 160 178 304
74 161 179 305
74 162 180 306
75 154 181 298
75 155 182 299
75 156 183 300
75 157 184 301
75 158 185 302
75 159 186 303
75 160 187 304
75 161 188 305
75 162 189 306
76 154 190 307
76 155 191 308
76 156 192 309
76 157 193 310
76 158 194 311
76 159 195 312
76 160 196 313
76 161 197 314
76 162 198 315
77 154 199 307
77 155 200 308
77 156 201 309
77 157 202 310
77 158 203 311
77 159 204 312
77 160 205 313
77 161 206 314
77 162 207 315
78 154 208 307
78 155 209 308
78 156 210 309
78 157 211 310
78 158 212 311
78 159 213 312
78 160 214 313
78 161 215 314
78 162 216 315
79 154 217 316
79 155 218 317
79 156 219 318
79 157 220 319
79 158 221 320
79 159 222 321
79 160 223 322
79 161 224 323
79 162 225 324
80 154 226 316
80 155 227 317
80 156 228 318
80 157 229 319
80 158 230 320
80 159 231 321
80 160 232 322
80 161 233 323
80 162 234 324
81 154 235 316
81 155 236 317
81 156 237 318
81 157 238 319
81 158 239 320
81 159 240 321
81 160 241 322
81 161 242 323
81 162 243 324
3
50
67
124
158
181
197
209
219
234
259
271
284
321
406
449
454
470
503
507
520
532
545
572
605
659
680
721
